147,1
147,3
141,5
167,35
3,2
3,1
3,3
10,311
10,5
10,69
10,143
10,7
10,279
10,263
10,2
10,3
11,6
11,22
11,16
11,17
11,21
11,2
11,3
165,3
9,7
165,2
165,1
9,4
165,0
164,3
9,1
164,2
164,1
9,6
164,0
163,5
163,4
163,3
9,2
163,2
163,1
9,3
163,0
162,5
162,4
162,3
162,2
162,1
162,0
160,5
160,4
160,3
8,12
160,2
160,1
8,13
160,0
159,3
8,7
159,2
159,1
0,561
159,0
158,4
158,3
158,2
158,1
158,0
157,12
157,11
157,10
157,9
157,8
157,7
157,6
157,5
157,4
157,3
157,2
157,1
157,0
156,6
156,5
156,4
156,3
156,2
156,1
156,0
155,7
155,6
155,1
155,5
143,3
143,1
142,6
142,5
142,3
142,1
141,1
141,3
139,3
139,1
136,4
136,3
136,1
135,3
135,1
119,3
119,1
20,3
20,2
20,1
19,3
19,2
19,1
12,3
12,2
12,1
11,23
11,13
11,8
11,1
11,5
10,261
10,238
18,1
10,195
